4294967278,378
4294967279,337
4294967279,529
4294967278,190
4294967279,556
4294967279,313
4294967278,377
4294967279,185
4294967278,376
4294967279,324
4294967279,182
4294967279,180
4294967279,178
4294967279,128
4294967279,326
4294967278,306
4294967279,176
4294967278,175
4294967279,342
4294967294,424
4294967278,17
4294967278,16
4294967278,15
4294967278,14
4294967278,13
4294967278,12
4294967278,11
4294967278,10
4294967278,9
4294967278,8
4294967278,7
4294967278,6
4294967279,123
4294967279,120
4294967279,119
4294967278,431
4294967279,371
4294967278,411
4294967279,169
4294967279,168
4294967279,167
4294967278,166
4294967279,166
4294967279,165
4294967279,164
4294967279,163
4294967279,162
4294967279,161
4294967279,160
4294967279,159
4294967278,382
4294967279,157
4294967279,291
4294967278,132
4294967278,131
4294967278,130
4294967278,129
4294967278,128
4294967278,127
4294967278,124
4294967278,122
4294967278,121
4294967278,120
4294967278,119
4294967278,118
4294967278,117
4294967278,116
4294967278,115
4294967278,114
4294967278,113
4294967278,110
4294967278,108
4294967278,107
4294967278,106
4294967278,105
4294967278,104
4294967278,103
4294967278,99
4294967278,97
4294967278,96
4294967278,95
4294967278,94
4294967278,92
4294967278,91
4294967278,348
4294967278,90
4294967278,89
4294967278,386
4294967278,84
4294967278,82
4294967278,80
4294967278,79
4294967278,313
4294967278,78
4294967278,77
4294967278,74
4294967278,72
4294967278,71
4294967278,70
4294967278,69
4294967278,342
4294967278,68
4294967278,67
4294967278,66
4294967278,65
4294967278,63
4294967278,62
4294967278,303
4294967278,61
4294967278,60
4294967278,59
4294967278,58
4294967278,57
4294967278,56
4294967278,55
4294967278,54
4294967278,435
4294967278,53
4294967278,52
4294967278,51
4294967278,50
4294967278,49
4294967278,48
4294967278,47
4294967278,46
4294967278,45
4294967278,44
4294967278,43
4294967278,42
4294967278,41
4294967278,40
4294967278,39
4294967278,347
4294967278,38
4294967278,37
4294967278,36
4294967278,35
4294967278,34
4294967278,33
4294967278,32
4294967278,31
4294967278,30
4294967278,29
4294967278,28
4294967278,27
4294967278,26
4294967278,25
4294967278,24
4294967278,23
4294967278,22
4294967278,21
4294967278,20
4294967278,19
4294967278,324
4294967278,18
4294967279,87
4294967279,86
4294967279,85
4294967279,355
4294967279,84
4294967279,83
4294967279,82
4294967279,81
4294967279,80
4294967279,79
4294967279,78
4294967279,307
4294967279,77
4294967279,74
4294967279,73
4294967279,72
4294967279,71
4294967279,70
4294967279,69
4294967279,67
4294967279,66
4294967279,65
4294967279,64
4294967279,63
4294967279,62
4294967279,61
4294967279,60
4294967279,59
4294967279,58
4294967279,57
4294967279,56
4294967279,55
4294967279,54
4294967279,53
4294967279,52
4294967279,51
4294967279,50
4294967279,49
4294967279,48
4294967279,571
4294967279,47
4294967279,46
4294967279,45
4294967279,44
4294967279,43
4294967279,290
4294967279,42
4294967279,41
4294967279,40
4294967279,39
4294967279,38
4294967279,37
4294967279,36
4294967279,34
4294967279,31
4294967279,29
4294967279,28
4294967279,27
4294967279,26
4294967279,25
4294967279,269
4294967279,20
4294967279,351
4294967279,18
4294967279,16
4294967279,320
4294967279,15
4294967279,341
4294967279,13
4294967279,347
4294967279,12
4294967279,11
4294967279,10
4294967279,6
4294967279,4
4294967279,151
4294967278,151
4294967294,30
4294967294,942
4294967294,941
4294967294,939
4294967294,938
4294967294,933
4294967294,922
4294967294,436
4294967294,830
4294967294,829
4294967294,828
4294967294,827
4294967294,60
4294967294,12
4294967294,11
4294967294,68
4294967279,35
4294967279,24
4294967279,33
4294967279,564
4294967278,392
4294967279,32
4294967279,563
4294967278,354
4294967278,260
4294967278,0
4294967279,30
4294967279,141
4294967279,287
4294967278,292
4294967279,140
4294967279,138
4294967279,135
366,6
4294967279,272
366,5
366,4
4294967279,136
366,3
366,2
366,1
4294967279,23
4294967279,562
4294967279,14
4294967279,22
4294967279,343
4294967279,21
4294967279,270
4294967279,19
4294967279,327
4294967279,279
4294967279,17
4294967279,520
4294967279,264
4294967279,277
4294967278,270
4294967279,265
4294967279,335
4294967278,269
4294967279,263
4294967279,262
4294967278,329
4294967279,261
4294967279,275
4294967279,9
4294967278,327
4294967279,8
4294967279,346
4294967279,7
4294967279,328
4294967279,255
4294967278,261
4294967279,5
4294967279,254
4294967279,281
4294967279,253
4294967278,257
4294967278,367
363,6
4294967278,351
363,5
363,4
4294967278,368
363,3
363,2
363,1
4294967278,442
4294967278,350
4294967278,126
4294967278,405
4294967278,125
4294967278,380
4294967278,254
4294967278,123
4294967278,320
4294967278,366
4294967278,253
4294967278,244
4294967278,248
4294967278,246
4294967278,399
4294967278,240
4294967279,332
4294967278,238
4294967278,237
4294967279,315
4294967278,112
4294967278,406
4294967279,331
4294967278,111
4294967278,438
4294967279,231
4294967278,230
4294967279,230
4294967278,109
4294967278,432
4294967279,227
4294967278,226
4294967279,234
4294967279,217
4294967278,222
360,6
4294967279,221
360,5
4294967278,220
360,4
4294967279,219
360,3
360,2
360,1
4294967278,218
4294967279,344
4294967294,407
4294967294,168
4294967294,444
4294967294,403
4294967294,384
4294967294,110
